97 38 64 98 58 46 56 19 53 45 70 86 23 28 24 86 36 65 27 88 41 92 90 45 61 48 11 95 62 29 81 42
86 8 67 65 26 68 72 25 55 87 96 73 24 90 6 64 95 72 5 54 19 71 56 52 20 89 80 8 89 16 89 84 75 19 58 48 75 85 65 12 26
23 59 80 84 15 96 84 21 67 51 24 18 67 63 76 92 72 97 21 31 98 22 43 64 39 61 3 55 27 96 81
44 10 84 24 42 30 23 79 40 12 47 87 78 74 46 3 96 34 87 9 15 79 34 83 73 7 78 50 23 59 57 53 29 99 79 45 47 54 11 19 75 61 87 61 18 65 69
61 65 18 45 14 97 1 86 99 34 28 60 54 78 96 78 27 54 70 9 25 57 56 88 5 72 99 42 53 10 96 37 57 90 94 61 10 15 11 58 44 40 39 99 52 25 56 33 72 42
94 7 26 78 7 49 64 2 55 87 81 84 88 64 53 62 1 49 63 36 52 20 66 58 4 86 70 97 6 86 82 63 10 56 43 8 63 10 3 71 47 53 49 2 1 41 42 25 28
74 59 94 19 3 91 31 58 83 91 50 71 36 70 76 71 87 79 22 74 2 41 85 22 79 27 18 37 95 44 29 20 75 71 84 22 85 4 60 7 27 24 96 15 18 89 44 86 33 40 18 14 22 9 62 97 34 45 52 78
43 11 17 90 76 91 94 99 20 92 1 63 83 47 89 81 21 80 68 56 48 55 87 68 27 87 19 72 52 91 83 82 4 7 89 43 83 61 83 73 24
47 48 71 72 55 34 27 78 18 23 66 13 31 96 10 95 57 51 55 94 49 23 65 65 57 50 14 2 20 86 60 80 85 40 98 18 48 27 27 49 72 3 71 41 72 6 29 45 21 24 67 93 59 47 31 62 72 26 96
24 61 29 49 91 88 83 1 97 56 4 28 1 59 47 63 20 44 19 11 51 42 14 88 81 26 59 93 23 82 70 26 94 68 93 44 72 43 56
12 69 93 71 11 51 88 71 66 7 70 93 25 50 28 54 67 78 68 76 31 30 85 93 19 27 76 76 71 49 54 1 85 58 97 60 38 36 96 32 90 34
15 50 94 52 38 55 69 37 50 53 73 96 12 66 2 57 78 66 48 24 12 97 60 72 90 58 69 85 82 55 14
19 73 15 40 58 63 11 4 76 80 16 73 53 90 3 76 6 69 80 26 43 11 63 37 89 80 2 75 31 7 83 5 69 74 50 52 2
63 65 39 37 56 91 62 31 90 34 33 26 82 23 72 73 98 66 98 44 80 98 61 74 21 10 54 64 33 59 34 51 32 79 42 84 90 37 57 12 68 87 59 18 86 91 46 16 45 98 83 28 50 95 26 75 59 24 82
96 44 86 93 71 60 13 15 13 6 27 39 89 57 5 60 23 19 84 54 32 29 34 43 54 18 48 9 70 98 85
69 92 65 86 78 83 1 57 13 1 33 7 54 20 10 1 20 97 78 90 30 12 58 34 29 22 26 60 79 39 16 28 75 8 46 69 3 86 76 72 77 37 8 89 7 12
25 98 32 93 9 60 62 89 81 11 78 29 95 54 14 49 1 39 95 82 72 37 59 32 60 91 39 54 48 40 31 79 50 80 35 61 79 88 54 79 98 33 65 97 70 12 47 79 47 76 76
5 21 59 82 51 34 38 53 28 93 33 37 29 84 30 92 55 31 20 5 35 23 68 43 20 16 27 26 85 6 75 69 63 43 95 63 11 84 77 49
55 31 41 48 23 48 63 73 48 53 64 73 7 86 51 66 75 95 32 72 38 30 78 28 38 44 35 39 16 8 65 54 58 3 44 30 8 32 26 57 46 5 74 31 10 26 79 16 48
55 92 84 86 57 64 84 34 75 70 1 89 92 14 82 79 18 28 47 31 2 14 80 86 76 61 49 99 52 60 36 79 83 72 50 98 12 21 13 56 89 74 5 94 94 18 54 57 56
47 6 88 35 52 69 36 46 43 36 73 72 92 81 21 67 39 34 27 30 96 63 97 55 96 2 8 33 50 85 79 70 8 27 49 93 11 83 36 11 4 68 14 13 14 47 95 68 52 66 51 12 59 63 46 48 37 99 41 14
78 24 99 29 71 25 53 50 17 83 7 43 38 16 23 43 18 56 4 85 77 10 65 68 25 5 26 84 87 73 93 39 9 51 11 6 28 24 55 13 20
25 68 2 96 33 74 94 76 31 35 61 1 79 38 77 61 96 93 72 56 92 16 4 43 34 30 95 29 30 87 1 56 88 81 19 43 54 43 38 48 46 88 20 90
32 9 29 98 19 72 13 16 80 56 5 30 91 80 94 88 10 26 5 55 86 63 16 83 37 67 86 78 36 65 18 54 60 66 39 10 9 12 40 52 41 16 61 96 77 97 45 32 62 24 47 18 80 15 45 1 84 63
91 62 19 98 10 77 55 47 36 9 30 3 74 53 88 62 62 69 75 80 38 77 77 96 3 56 66 33 73 67 63 37 82 47 10 12
87 45 30 26 65 69 43 40 20 47 76 93 48 47 68 76 27 37 94 71 8 15 58 50 11 67 87 84 70 79 16 78 40 56 88 54 15 86 69 91 88 16 96 87 90 58 51 95 37 5
19 22 71 64 64 85 30 86 63 7 75 36 92 32 77 41 34 97 44 65 56 56 83 36 82 70 61 41 30 77 46 92 75 85 54 70 36 13 69 56 20 28 58 74 35 7 51
14 44 16 86 43 65 95 29 41 58 21 26 99 66 84 78 5 81 92 68 67 58 63 44 89 5 94 99 65 54 80 25 74 88 85 58 47 7 59 35 70 22 10 60 10
3 81 7 86 22 21 46 35 45 20 42 3 61 57 32 14 30 7 31 56 44 80 49 15 38 34 6 24 8 73 47 86 44 50 13 77 90 61 43 3 9 72 82
46 60 63 68 20 85 34 71 93 23 12 76 58 25 16 27 9 68 82 86 10 52 90 29 55 96 15 70 11 15 48 4 45 95 75 47 33 90 68 56 44 27 83 19 2 33 11 88 13 16 76 71 62 80 42
80 5 3 88 64 79 12 26 63 21 66 32 10 75 53 30 18 9 97 21 15 1 28 64 30 59 65 92 20 46 4 85 41 37 29 60 42 24 81 1 15 70 19 45 51 13 41 6 43 53 70 5 96 97 41 7 78 19 80 47
86 46 21 21 14 5 32 76 26 97 77 25 43 3 59 17 99 20 97 58 17 4 44 12 11 60 63 89 80 27 81 37 55 73 75 16 29 23 98 59 84 38 6 27 14 68 92 26 52 12
14 31 83 55 81 51 30 79 99 4 2 86 33 32 25 9 27 49 62 2 41 21 12 26 64 30 52 11 55 11 74 56 65 96 78 3 85 51 24 97 58 23 81 2 14 19 75 73 67 12 83 29 34 79 62
88 9 76 26 45 37 95 34 81 88 45 97 65 66 58 57 20 40 32 14 93 36 32 18 59 25 35 14 6 26 70 12 60 39 45 98 91 13 3
38 51 20 2 20 70 76 95 52 32 98 54 52 30 36 95 34 72 46 41 88 45 50 48 54 85 48 33 51 46 55 78 22 3 28 16 7 64 59 44 31 46 14 3 24 64 66 46 31 5 34 38 68 49 47 24 46 79 59
40 61 46 36 27 30 76 95 47 67 22 34 41 3 92 86 5 28 32 14 2 49 97 81 93 67 45 66 29 28 39 49 35 9 5 6 58 95 57 37 17 20 16 92 78 92 38 78 51 32 79 38 5 1
91 73 52 60 2 1 6 27 77 68 58 92 73 31 32 45 89 53 86 23 42 44 79 32 97 76 7 89 52 9 30 71 39 72 78 44 52 71 65 52 62 36
9 24 67 45 3 44 53 53 61 4 54 96 46 13 55 6 74 89 91 77 3 42 17 43 81 36 57 25 26 42 89 56 81 37 1 11 75 41 71 27 83 94 29 55 35 37 20
84 78 41 54 54 60 94 65 92 69 86 81 43 7 44 57 79 89 72 76 91 66 25 38 76 30 3 31 33 31 62 3 2 46 54 46 46 6 49 84
65 95 95 84 89 69 60 2 59 35 64 65 53 86 37 62 20 15 75 66 4 37 16 44 15 37 9 82 36 82
83 32 30 8 16 71 99 50 83 14 48 65 94 82 91 96 95 72 17 11 39 9 52 87 62 4 6 70 56 53 62 83 76 79 46 23 85 80 25 26 91 24 83 44 63 81 33
67 93 69 33 43 46 80 78 44 32 84 32 42 9 10 54 64 7 9 25 25 90 95 12 32 53 21 37 37 25 62 2 1
41 8 55 66 50 76 8 11 9 63 96 1 7 2 39 18 91 64 55 26 21 54 40 64 48 51 67 32 93 2 56 46 12 75 34 64 54 86 10 51 20 12 67 72 95 76 28 7 77 66 75 53 69 19 90 17
67 89 72 97 74 25 70 69 43 25 81 37 37 39 59 73 89 79 17 78 50 89 70 61 26 74 88 71 98 86 64
36 24 59 4 2 35 51 11 92 55 7 10 79 20 42 31 85 45 69 13 14 21 97 44 13 21 93 13 3 71 61 3 81 76 55 4 88 49 77 44 81 38 76 39 84 9 97 63 60
17 22 85 49 77 38 65 72 78 42 64 20 58 70 97 35 69 47 60 63 37 84 33 73 72 51 48 98 26 54 43 12
83 2 38 93 63 96 66 99 65 40 41 98 13 54 72 56 42 65 9 12 59 46 39 24 34 85 18 22 92 39 57 71 35 21
27 51 89 28 59 49 6 77 27 76 88 46 17 58 75 49 81 2 89 6 9 33 35 25 74 77 22 50 82 78 24 25 58 41 99 66 8
60 10 84 17 13 98 3 22 79 83 24 58 5 19 50 51 56 17 76 20 38 25 96 66 15 20 62 83 54 72 41 59 24 50 7 97 9 56 8
92 46 12 81 5 19 18 55 31 23 9 38 9 99 35 19 16 74 8 34 54 25 3 13 42 45 28 92 32 29 76 2 51 8 16 34 77 21 29 67 63 8